21874
25297
47493
40976
43314
22346
41170
22963
59533
11195
8679
41874
21494
30545
32988
48433
34463
9007
47324
17948
37921
27962
43656
15731
55229
64853
27421
2163
14320
1865
62638
8227
49920
16482
63920
19897
52530
46914
57966
3269
44203
683
28868
41010
62223
26918
20707
9658
36485
33790
5203
57552
38101
58350
505
40117
92
39360
35340
21342
18788
28880
31360
52850
19449
41331
44887
12088
11287
50665
34049
52199
5346
45478
55676
39654
34118
14681
44516
6462
61897
3440
13612
48899
33199
4646
14573
21834
37509
29438
39434
60242
2415
25714
25367
28238
45785
47564
28142
40676
32863
18139
16224
826
10120
22926
8939
41635
56037
22299
8201
37571
51305
57078
29298
19395
64428
29743
18770
9212
55160
1990
46859
27089
49084
19614
40393
9791
51738
15332
44409
23152
30699
57272
4000
24742
1814
23900
30027
15093
53162
22732
58797
60250
16633
30091
57383
13946
19099
48061
19979
22376
37333
39390
65121
32017
37747
45691
19313
23554
25259
32471
24219
34606
53276
27443
50617
39483
30180
37968
42363
59006
4128
57165
26949
19128
8609
12839
63950
2995
46006
2949
3093
62187
58326
20683
16524
5888
23319
39351
33494
37299
65387
34132
19354
65362
34542
15651
11064
3477
48859
32034
60749
6778
37881
35407
62536
4324
19990
304
23030
22235
9533
25544
22708
60026
55945
40328
24574
17737
24928
11611
37404
31719
52643
26004
50797
26674
41229
55191
18402
47166
33594
62010
37066
6977
19817
32169
7964
47310
53907
41708
65216
52481
46865
49128
56475
63369
7686
24370
56557
12880
40726
15776
15655
53461
25216
37448
9157
37258
1267
37097
17253
2317
60742
57049
61571
16838
36225
63398
32256
46072
62420
5363
39791
158
32846
25849
46105
34541
18097
18622
3604
53051
59880
3770
30984
20593
48524
33932
33560
40379
60163
43724
25594
2700
51211
30034
35027
10783
40325
30811
2802
48917
50193
40098
30446
7757
16865
57684
27711
16316
22379
1961
34438
42733
38983
63665
9319
34197
4137
18137
25512
29456
25246
23140
43541
26198
64529
26171
24114
19200
3403
63990
52383
12202
48373
62092
22362
12953
26151
15656
56591
41777
56531
43948
10351
23053
6722
22574
15597
49181
51723
24825
34448
62976
27715
16721
35088
49535
61723
39067
22135
30275
13969
47634
14917
47797
56988
3820
64142
30900
54663
56334
24738
17806
12669
53101
25829
17416
1886
20560
4525
51213
27315
42229
40398
35949
10404
55239
15565
61934
21725
58145
65321
49765
30041
5126
56486
13385
54153
5912
39852
12865
8198
36761
59218
8187
26411
558
10416
51469
8560
56702
62095
51634
38887
23819
18506
27112
40131
18331
15464
36038
50870
18004
16577
23821
38211
60474
44013
51252
39330
60401
1445
34834
31720
23270
26854
31595
21770
62084
62992
52505
52346
47415
56505
64194
63787
23197
56035
9460
35596
14427
18912
19906
59501
10177
32509
50825
62438
11385
43670
11166
12331
55640
45769
62442
6470
26420
12988
62589
19177
55815
43920
54254
31615
36579
41980
30850
22591
26150
30327
5446
57707
3161
40635
55199
21482
3638
42530
63060
55339
53570
15710
18351
51902
59035
31048
45889
19113
43377
37617
6240
59765
43523
30660
18975
37475
427
6458
57059
34455
36904
60144
64266
15468
3778
46519
19828
62957
24299
42316
59541
32422
2071
49191
56620
2373
18415
17605
49924
676
47309
24717
6832
40818
31019
31263
30473
15555
836
44497
6312
34771
58146
59209
28447
65362
4784
12658
17692
19917
39866
54706
5285
23282
57047
55272
41246
46327
28890
23770
58456
9840
22094
57516
9310
19446
45642
37045
38878
47563
64454
5127
59528
33085
63103
63135
40032
33071
824
24592
37525
4653
41548
52984
19595
3591
1030
399
21105
33358
18345
47269
10846
13698
9566
34985
48013
34210
33783
54023
41886
40217
17018
23666
43851
60992
57995
51763
49634
52994
58496
56298
27745
47801
27730
10353
34179
37274
6183
56821
18582
22531
63969
57167
37104
50726
5475
7493
50296
1755
4421
14797
14369
33932
26543
4196
54005
39393
5473
20601
65078
33486
50638
51512
26859
28384
53422
42861
2431
6256
4107
47806
64293
39689
61873
54681
7270
22302
64586
44757
39760
48904
58231
62404
12306
49960
53132
51537
39644
56637
35041
6434
58287
12213
9375
12470
54501
55693
50606
23173
37288
9150
10273
55371
642
65413
27751
39015
603
63028
57887
62058
50978
2247
7341
59249
25081
33002
7647
50495
29911
41729
55712
34342
21916
58132
16561
63315
58030
25057
42039
8670
51679
19839
59597
60575
4474
24264
12763
42053
23401
15322
32156
30715
50614
34090
60320
57839
2099
53154
62195
63529
44885
45026
48858
18889
11923
15000
57628
62169
12976
18670
60410
9340
48451
18386
48052
25419
26602
4684
60648
2550
56814
7107
25018
15759
28788
7153
49223
62137
20989
13521
31071
6770
54407
45083
25444
45485
12205
36702
2659
39830
13510
11376
2216
45700
43950
37200
37395
55896
15965
21418
42203
36857
8656
2682
23623
8039
31296
41155
49558
29811
40305
10367
17625
13379
17019
35299
8094
16085
47306
46600
9600
56074
58012
28295
38942
5260
51259
24166
7182
23602
43695
8598
55268
24859
60730
63487
34164
42281
34406
40295
1060
17078
55947
2328
521
9730
31814
29929
5223
2740
51667
54234
6143
30603
21264
625
45471
51168
24773
14260
4357
54925
32179
10714
46732
51190
2659
40801
32871
44041
22640
49410
488
40150
38695
1091
30551
44465
46110
22224
9996
31028
52478
51411
52490
40181
42647
7749
44543
42961
61035
52576
2272
20054
39374
14413
33
30598
9806
43862
27859
28147
40212
29771
53985
13745
13319
29886
22212
26976
3713
58532
56890
47042
43530
44743
44922
590
52378
20909
61656
33786
36627
32631
26216
20634
17054
43728
45
57515
14474
12246
2433
26037
52235
4812
42705
61556
49875
13625
24757
22162
7765
2392
40947
35156
41607
60793
38129
11383
41439
33182
12988
41870
26599
6976
53911
8300
58779
27208
11494
5303
62456
63669
34792
36906
41724
18710
65512
51818
3355
26668
22475
20136
6670
4416
53375
57211
30487
25526
39392
19918
59365
18709
52328
46497
28893
19870
51430
8663
56249
59540
59040
46326
49289
11582
37055
35425
47447
6141
11898
29120
17497
13494
17838
78
18887
6791
21083
49250
21932
9579
28325
17121
38215
